kinematics:
  shoulder:
    x: 0
    y: 0
    z: 0.08924642322908156
    roll: -0
    pitch: 0
    yaw: -1.900701489428169e-05
  upper_arm:
    x: 0.0001213562210176103
    y: 0
    z: 0
    roll: 1.570205783156201
    pitch: 0
    yaw: -1.304966230126252e-05
  forearm:
    x: -0.4254197820605892
    y: 0
    z: 0
    roll: 3.141383244447988
    pitch: 3.139780069456886
    yaw: -3.141571067417428
  wrist_1:
    x: -0.3918449227575848
    y: -0.0008853805607861536
    z: 0.1106885379679049
    roll: 0.007998675337985588
    pitch: 0.002007318060558635
    yaw: -1.780265271221788e-06
  wrist_2:
    x: 0.0001069721812286747
    y: -0.09474405357603143
    z: -0.0002742816416722918
    roll: 1.573691293445396
    pitch: 0
    yaw: -1.53646840779652e-05
  wrist_3:
    x: -8.706132403489585e-05
    y: 0.0826006889406011
    z: -0.0001202124997967188
    roll: 1.569340982820561
    pitch: 3.141592653589793
    yaw: 3.141547797441259
  hash: calib_5787530891779649409